
Last position-specific scoring matrix computed, weighted observed percentages rounded down, information per position, and relative weight of gapless real matches to pseudocounts
           A  R  N  D  C  Q  E  G  H  I  L  K  M  F  P  S  T  W  Y  V   A   R   N   D   C   Q   E   G   H   I   L   K   M   F   P   S   T   W   Y   V
    1 M   -1 -2 -3 -4 -2 -1 -2 -3 -2  1  2 -2  7  0 -3 -2 -1 -2 -1  0    0   0   0   0   0   0   0   0   0   0   0   0 100   0   0   0   0   0   0   0  0.59 0.06
    2 E   -1 -1  0  4 -4  1  5 -2 -1 -4 -3  0 -3 -4 -1  0 -1 -4 -3 -3    0   0   0  26   0   0  74   0   0   0   0   0   0   0   0   0   0   0   0   0  0.74 0.03
    3 K   -1  1  3  0 -3  1  0 -1  0 -3 -3  4 -2 -3 -2  0 -1 -4 -2 -3    0   0  30   0   0   0   0   0   0   0   0  70   0   0   0   0   0   0   0   0  0.50 0.03
    4 L    0 -2 -3 -3 -1 -2 -3 -3 -3  1  3 -2  1  2 -3 -2 -1 -2  0  1   15   0   0   0   0   0   0   0   0   0  56   0   0  14   0   0   0   0   0  15  0.26 0.02
    5 T    2 -2  0  1 -1 -1 -1 -1 -2 -1 -2 -1 -1 -3 -1  1  3 -3 -2 -1   37   0   0  14   0   0   0   0   0   0   0   0   0   0   0   0  48   0   0   0  0.31 0.02
    6 D   -1 -2  1  5 -2 -1  1 -2 -2 -1 -2 -1 -2 -3 -2  1  1 -4 -3  0    0   0   0  56   0   0   0   0   0   0   0   0   0   0   0  15  15   0   0  14  0.42 0.02
    7 L   -2 -2 -3 -3 -2  1 -2 -4 -2  3  3 -2  1  0 -3 -2 -1 -2 -1  1    0   0   0   0   0  14   0   0   0  30  56   0   0   0   0   0   0   0   0   0  0.29 0.02
    8 N   -2 -1  6  3 -3  0  0 -1  0 -4 -4  0 -3 -3 -2  0  0 -4 -3 -3    0   0  86  14   0   0   0   0   0   0   0   0   0   0   0   0   0   0   0   0  0.78 0.04
    9 Y   -1 -1 -1 -1  4  0  2 -3  1 -2 -2 -1 -2  1 -2  0 -1  0  5 -2    0   0   0   0  14   0  30   0   0   0   0   0   0   0   0   7   0   0  48   0  0.42 0.03
   10 T    0 -2 -1 -2 -1 -1 -1 -2 -2  0 -1 -1 -1 -2 -1  1  5 -3 -2  1    0   0   0   0   0   0   0   0   0   0   0   0   0   0   0   0  84   0   0  16  0.45 0.04
   11 L   -1 -2 -3 -3 -2 -2 -3 -3 -3  1  4 -2  2  2 -3 -1 -1 -1  0  0    0   0   0   0   0   0   0   0   0   0  74   0   5  15   0   6   0   0   0   0  0.36 0.02
   12 S    0 -1  2  0 -1  0 -1  1 -1  0 -1 -1 -1 -1 -1  2  0 -2 -1  0    2   1  13   2   1   1   2  14   1  17   3   2   1   1   1  35   2   0   1   2  0.11 0.01
   13 V    1 -2 -3 -3 -1 -2 -2 -3 -3  2  1 -2  2 -1 -2 -1  0 -3 -1  4   16   0   0   0   0   0   0   0   0   0   0   0  12   0   0   0   0   0   0  72  0.28 0.03
   14 I   -1 -2 -2 -1 -2 -1  2 -4 -2  4  1 -1  0 -1 -2 -2 -1 -3 -2  2    0   0   0   0   0   0  28   0   0  72   0   0   0   0   0   0   0   0   0   0  0.26 0.03
   15 T   -1 -1  0  1 -2  0  2 -2 -1 -2 -2  0 -2 -3  3  1  3 -3 -2 -1    0   0   0   6   0   0  28   0   0   0   0   0   0   0  16   0  50   0   0   0  0.42 0.02
   16 L   -1 -2 -2 -3 -1 -2 -2 -3 -3  2  3 -2  1  0 -3  0  0 -2 -1  2    0   0   0   0   0   0   0   0   0   0  56   0   0   0   0  16   0   0   0  28  0.25 0.02
   17 M   -1 -2 -3 -3 -2 -2 -2 -3 -1  1  1 -2  4  1 -3 -2 -1  0  4  2    0   0   0   0   0   0   0   0   0   0  12   0  32   0   0   0   0   0  28  28  0.29 0.02
   18 N   -2 -1  6  1 -3  0 -1 -1  0 -4 -4  0 -3 -3 -2  0  0 -4 -2 -3    0   0 100   0   0   0   0   0   0   0   0   0   0   0   0   0   0   0   0   0  0.87 0.05
   19 N    1 -2  1  4 -2 -1  0 -1 -1 -1 -1 -1  3 -2 -2  1  0 -3 -2 -1   16   0   5  40   0   0   0   0   0   0   0   0  28   0   0  11   0   0   0   0  0.26 0.02
   20 T    0 -1  0 -1 -1 -1 -1 -2 -2 -1 -1 -1 -1 -2 -1  1  5 -3 -2  0    0   0   0   0   0   0   0   0   0   0   0   0   0   0   0   0 100   0   0   0  0.59 0.04
   21 L   -2 -2 -4 -4 -2 -2 -3 -4 -3  1  4 -3  2  0 -3 -3 -1 -2 -1  1    0   0   0   0   0   0   0   0   0   0 100   0   0   0   0   0   0   0   0   0  0.53 0.03
   22 H   -2 -1  0 -1 -3  0  0 -2  9 -4 -3 -1 -2 -2 -3 -1 -2 -3  2 -4    0   0   0   0   0   0   0   0 100   0   0   0   0   0   0   0   0   0   0   0  1.11 0.06
   23 T    0 -1  4  0 -2  0  0 -1  0 -2 -3  0 -2 -3 -1  3  2 -3 -2 -2    0   0  40   0   0   0   0   0   0   0   0   0   0   0   0  39  21   0   0   0  0.42 0.02
   24 I   -1 -3 -2  1 -2 -2 -2 -3 -3  4  1 -2  1 -1 -3 -2 -1 -3 -2  3    0   0   0  16   0   0   0   0   0  56   0   0   0   0   0   0   0   0   0  28  0.27 0.02
   25 L   -1 -3 -3 -3 -1 -2 -3 -4 -3  4  2 -3  2  0 -3 -2 -1 -3 -1  3    0   0   0   0   0   0   0   0   0  57  17   0  11   0   0   0   0   0   0  16  0.36 0.02
   26 E    0 -1  0  1 -2  1  3 -2 -1  0 -1  0 -1 -2  2  1  0 -2 -2 -1    1   1   1   7   0   5  33   1   0  14   1   1   0   1  13  17   1   0   0   1  0.25 0.01
   27 D   -1 -1  2  4 -2  0  2 -1 -1 -2 -2  0 -2 -2 -1  0 -1 -2 -2 -2    2   1  14  49   1   1  13   2   1   1   3   2   1   1   1   2   2   0   1   2  0.42 0.01
   28 P    0 -1 -1 -1 -2 -1 -1 -1 -1 -2 -2 -1 -2 -2  6  1  0 -2 -2 -2    2   1   1   2   1   1   2   2   1   1   3   2   1   1  61  14   2   0   1   2  1.01 0.02
   29 G    0 -2 -1 -1 -2 -2 -2  5 -2 -1 -2 -2 -2 -2 -2 -1 -1 -2 -2  0    1   1   1   1   0   1   1  73   0   1   1   1   0   1   1   1   1   0   0  16  0.60 0.02
   30 M   -1  2 -2 -3 -2  0 -2 -3 -2  1  1 -1  6 -1 -3 -2 -1 -2 -1  1    0  16   0   0   0   0   0   0   0   0   0   0  79   0   0   0   0   0   0   6  0.38 0.04
   31 A    2  0 -1 -2 -2  0 -1 -1 -2 -1 -1  2 -1  2 -2  0  1 -2  0  0   32   0   0   0   0   0   0   0   0   0   0  28   0  16   0   0  12   0   0  12  0.12 0.01
   32 Y   -2 -2 -2 -3 -3 -2 -2 -3  1 -2 -2 -2 -1  2  3 -2 -2  2  7 -2    0   0   0   0   0   0   0   0   0   0   0   0   0   0  16   0   0   0  84   0  0.88 0.05
   33 F   -2 -3 -3 -4 -2 -3 -4 -4 -2  0  1 -3  0  6 -4 -3 -2  1  3 -1    0   0   0   0   0   0   0   0   0   0  16   0   0  84   0   0   0   0   0   0  0.72 0.04
   34 P   -1 -2 -2 -2 -3 -2 -1 -3 -3 -3 -3 -1 -3 -4  8 -1 -1 -4 -3 -3    0   0   0   0   0   0   0   0   0   0   0   0   0   0 100   0   0   0   0   0  2.14 0.05
   35 Y   -2 -2 -3 -4 -2 -2 -3 -3  1 -1  1 -3  0  4 -3 -2 -2  1  6 -1    0   0   0   0   0   0   0   0   0   0  16   0   0  28   0   0   0   0  56   0  0.65 0.03
   36 I   -1 -3 -3 -3 -1 -3 -3 -4 -3  4  2 -3  1  0 -3 -2 -1 -3 -1  3    0   0   0   0   0   0   0   0   0  57  15   0   0   0   0   0   0   0   0  28  0.38 0.02
   37 A    5 -2 -2 -2 -1 -1 -1  0 -2 -2 -2 -1 -1 -3 -1  1  0 -3 -2  0  100   0   0   0   0   0   0   0   0   0   0   0   0   0   0   0   0   0   0   0  0.49 0.04
   38 S    1 -1  0  0 -1  0  0 -1 -1 -3 -3  0 -2 -3 -1  5  1 -3 -2 -2    0   0   0   0   0   0   0   0   0   0   0   0   0   0   0 100   0   0   0   0  0.55 0.04
   39 V    1 -3 -2 -3 -1 -2 -2  1 -3  3  0 -2  0 -1 -2 -1 -1 -3 -2  3   18   0   0   0   0   0   0  16   0  28   0   0   0   0   0   0   0   0   0  38  0.19 0.01
   40 L   -2 -2 -4 -4 -2 -2 -3 -4 -3  1  4 -3  2  0 -3 -3 -1 -2 -1  1    0   0   0   0   0   0   0   0   0   0 100   0   0   0   0   0   0   0   0   0  0.53 0.03
   41 T    1 -1  0 -1 -1 -1 -1 -1 -2 -1 -1 -1 -1 -2 -1  1  5 -3 -2  0   16   0   0   0   0   0   0   0   0   0   0   0   0   0   0   0  84   0   0   0  0.47 0.04
   42 V   -1 -3 -2  1 -1 -2 -2 -3 -3  3  1 -2  1 -1 -3 -2 -1 -3 -2  3    0   0   0  16   0   0   0   0   0  47   0   0   0   0   0   0   0   0   0  37  0.26 0.02
   43 L    0 -2 -3 -4 -1 -2 -3 -3 -3  2  3 -2  1  0 -3 -2 -1  6  0  1   15   0   0   0   0   0   0   0   0  14  56   0   0   0   0   0   0  16   0   0  0.38 0.02
   44 F   -2 -3 -3 -4 -2 -3 -4 -4 -2  1  0 -3  0  6 -4 -3 -2  0  3  0    0   0   0   0   0   0   0   0   0  16   0   0   0  84   0   0   0   0   0   0  0.70 0.04
   45 A    0 -1  0 -1 -1 -1 -1 -2 -2 -1 -1 -1  1 -2 -1  2  4 -3 -2  0    5   0   0   0   0   0   0   0   0   0   0   0  12   0   0  16  68   0   0   0  0.37 0.03
   46 L    1 -2 -3 -3 -1 -2 -2 -2 -2  1  3 -2  2  2 -2 -1 -1 -1  0  0   28   0   0   0   0   0   0   0   0   0  45   0  12  16   0   0   0   0   0   0  0.21 0.02
   47 H   -2 -1 -1 -2 -3 -1 -1 -3  7 -3 -3 -2 -2 -1  3 -2 -2  8  1 -3    0   0   0   0   0   0   0   0  56   0   0   0   0   0  16   0   0  28   0   0  0.97 0.04
   48 K   -1  2 -1 -1 -3  1  0 -2  0 -3 -2  5 -2 -1 -1 -1 -1 -2  2 -2    0   0   0   0   0   0   0   0   0   0   0  84   0   0   0   0   0   0  16   0  0.47 0.04
   49 A    4 -2 -2 -2 -1 -1 -1 -1 -2 -1  0 -1  3 -2 -1  0  0 -2 -2  0   72   0   0   0   0   0   0   0   0   0   0   0  28   0   0   0   0   0   0   0  0.30 0.03
   50 S    1 -1  0 -1 -1 -1 -1  3 -1 -3 -3 -1 -2 -3 -1  4  1 -3 -2 -2    0   0   0   0   0   0   0  28   0   0   0   0   0   0   0  72   0   0   0   0  0.48 0.03
   51 I   -1  1 -2 -3  4 -1 -2 -3 -2  2  1  1  0 -1 -3 -2 -1 -3 -2  1    0  14   0   0  16   0   0   0   0  32  17  15   0   0   0   0   0   0   0   6  0.16 0.01
   52 P    0 -2 -1 -1 -2 -1 -1 -2 -2 -3 -3 -1 -2 -4  7  2  0 -4 -3 -2    0   0   0   0   0   0   0   0   0   0   0   0   0   0  72  28   0   0   0   0  1.39 0.04
   53 T    1 -1 -1 -2 -1 -1 -1 -2 -2 -1 -1 -1  2 -2 -1  1  4 -3 -2  0   12   0   0   0   0   0   0   0   0   0   0   0  16   0   0   0  73   0   0   0  0.37 0.03
   54 M   -1 -2 -3 -4 -2 -1 -3 -3 -2  1  3 -2  5  0 -3 -2 -1 -2 -1  2    0   0   0   0   0   0   0   0   0   0  28   0  56   0   0   0   0   0   0  16  0.37 0.03
   55 K   -1  2  2  0 -3  1  1 -2 -1 -3 -3  5 -2 -3 -1  0 -1 -3 -2 -3    0   0  16   0   0   0   0   0   0   0   0  84   0   0   0   0   0   0   0   0  0.53 0.03
   56 I   -1 -3 -3 -4 -1 -3 -3 -4 -3  3  2 -3  1  0 -3 -2 -1 -3 -1  3    0   0   0   0   0   0   0   0   0  45  27   0   0   0   0   0   0   0   0  28  0.36 0.02
   57 A    3 -2 -1 -2 -1 -1 -1 -1 -2  0 -1 -1 -1 -2 -1  1  2 -3 -2  1   56   0   0   0   0   0   0   0   0   0   0   0   0   0   0   0  28   0   0  16  0.27 0.02
   58 L   -1  0 -2 -3 -2 -1 -1 -3 -1  0  2  2  2  0 -2 -2 -1 -1  2  0    0   0   0   0   0   0   0   0   0   0  45  28  12   0   0   0   0   0  16   0  0.19 0.02
   59 K   -1  2  0 -1 -3  1  0 -2 -1 -2 -2  4 -1 -3 -1  0  2 -3 -2 -2    0  12   0   0   0   0   0   0   0   0   0  60   0   0   0   0  28   0   0   0  0.39 0.03
   60 T    0 -2 -1 -2 -1 -1 -1 -2 -2  1 -1 -1  0 -2 -2  1  4 -3 -2  2    0   0   0   0   0   0   0   0   0   0   0   0   0   0   0   0  72   0   0  28  0.37 0.03
   61 S    2 -1  0 -1 -1  0  0 -1 -1 -2 -2  0 -1 -3 -1  4  2 -3 -2 -1   14   0   0   0   0   0   0   0   0   0   0   0   0   0   0  72  15   0   0   0  0.42 0.03
   62 K   -1  2  0 -1 -3  3  0  3 -1 -3 -3  3 -2 -3 -2  0 -1 -3 -2 -3    0   6   0   0   0  27   0  28   0   0   0  39   0   0   0   0   0   0   0   0  0.41 0.02
   63 C    0 -3 -2 -3  8 -2 -2 -2 -3 -2 -2 -2 -2 -2 -2  2  0  3 -2 -1    0   0   0   0  65   0   0   0   0   0   0   0   0   0   0  28   0   7   0   0  0.83 0.04
   64 S    1 -1  0 -1 -1 -1 -1  3 -1 -3 -3 -1 -2 -3 -1  4  1 -3 -2 -2    0   0   0   0   0   0   0  28   0   0   0   0   0   0   0  72   0   0   0   0  0.48 0.03
   65 Y   -2 -2 -2 -4 -3 -2 -2 -3  2 -2 -1 -2 -1  3 -3 -2 -2  2  8 -2    0   0   0   0   0   0   0   0   0   0   0   0   0   0   0   0   0   0 100   0  1.06 0.05
   66 K   -1  3  0 -1 -3  1  1 -2 -1 -3 -3  5 -2 -3 -1  0 -1 -3 -2 -3    0  12   0   0   0   0   0   0   0   0   0  88   0   0   0   0   0   0   0   0  0.59 0.04
   67 V    0 -3 -3 -3 -1 -3 -3 -4 -3  3  1 -3  1 -1 -3 -2  0 -3 -1  4    0   0   0   0   0   0   0   0   0  12   0   0   0   0   0   0   0   0   0  88  0.42 0.03
   68 V   -1 -3 -3 -3 -1 -3 -3 -4 -3  4  1 -3  1 -1 -3 -2 -1 -3 -1  4    0   0   0   0   0   0   0   0   0  49   0   0   0   0   0   0   0   0   0  51  0.40 0.02
   69 K   -1  3 -1 -1 -3  1  0 -2 -1 -2  0  4 -1 -2 -2 -1 -1 -3 -2 -2    0  15   0   0   0   0   0   0   0   0  16  70   0   0   0   0   0   0   0   0  0.39 0.03
   70 Y   -1  1 -2 -3 -2 -1 -2 -3  0  1  0 -1  0  2 -3 -2 -1  1  6  2    0  12   0   0   0   0   0   0   0   7   0   0   0   0   0   0   0   0  54  28  0.39 0.03
   71 C   -1 -3 -3 -4  8 -3 -3 -3 -3  1  0 -3  0 -2 -3 -1 -1 -3 -2  2    0   0   0   0  54   0   0   0   0   0   7   0   0   0   0   0   0   0   0  40  0.65 0.03
   72 I   -1 -3 -3 -3 -1 -2 -3 -3 -3  4  1 -2  1 -1 -3 -1  1 -3 -2  3    0   0   0   0   0   0   0   0   0  52   0   0   0   0   0   0  16   0   0  33  0.31 0.02
   73 V   -1 -3 -3 -3 -1 -3 -3 -4 -3  3  1 -3  1 -1 -3 -2  0 -3 -1  4    0   0   0   0   0   0   0   0   0  30   0   0   0   0   0   0   0   0   0  70  0.40 0.03
   74 T    0 -1  0 -1 -1 -1 -1 -2 -2 -1 -2 -1 -1 -2 -1  2  5 -3 -2  0    0   0   0   0   0   0   0   0   0   0   0   0   0   0   0   6  94   0   0   0  0.55 0.04
   75 I   -1 -3 -3 -3 -1 -3 -3 -4 -3  4  2 -3  2  0 -3 -2 -1 -3 -1  3    0   0   0   0   0   0   0   0   0  68  12   0   6   0   0   0   0   0   0  15  0.39 0.02
   76 F   -2 -3 -3 -4 -2 -3 -3 -4 -2  2  1 -3  0  5 -3 -3 -1  0  2  2    0   0   0   0   0   0   0   0   0  29   0   0   0  56   0   0   0   0   0  16  0.44 0.03
   77 N   -2 -1  6  1 -3  0 -1 -1  1 -3 -3 -1 -2 -1 -2  0  0 -2  2 -3    0   0  84   0   0   0   0   0   0   0   0   0   0   0   0   0   0   0  16   0  0.66 0.04
   78 T    1 -2 -1 -2  6 -1 -2 -2 -2 -1 -1 -1 -1 -2 -2  1  4 -3 -2  0   19   0   0   0  28   0   0   0   0   0   0   0   0   0   0   0  53   0   0   0  0.44 0.03
   79 L   -1 -2 -4 -4 -1 -2 -3 -4 -3  2  4 -3  2  0 -3 -2 -1 -2 -1  2    0   0   0   0   0   0   0   0   0   0  72   0   0   0   0   0   0   0   0  28  0.40 0.02
   80 L   -2 -2 -3 -4 -2 -2 -3 -4 -3  1  4 -3  3  0 -3 -3 -1 -2 -1  1    0   0   0   0   0   0   0   0   0   0  85   0  15   0   0   0   0   0   0   0  0.47 0.03
   81 K   -1  4  0 -1 -4  1  0 -2 -1 -3 -3  4 -2 -3 -2 -1 -1 -3 -2 -3    0  40   0   0   0   0   0   0   0   0   0  60   0   0   0   0   0   0   0   0  0.60 0.03
   82 L   -2 -3 -4 -4 -1 -2 -3 -4 -3  2  4 -3  2  0 -3 -3 -1 -2 -1  1    0   0   0   0   0   0   0   0   0  14  86   0   0   0   0   0   0   0   0   0  0.47 0.03
   83 A    3 -2 -2 -2 -1 -2 -2  1 -2 -1 -1 -2 -1  3 -2  0 -1 -1  0 -1   60   0   0   0   0   0   0  12   0   0   0   0   0  28   0   0   0   0   0   0  0.27 0.02
   84 G    0 -3 -1 -2 -3 -2 -2  6 -2 -4 -4 -2 -3 -3 -2  0 -2 -3 -3 -4    0   0   0   0   0   0   0 100   0   0   0   0   0   0   0   0   0   0   0   0  1.13 0.04
   85 Y   -1 -2 -1 -2 -2 -1 -2 -2  1 -2 -1 -2 -1  3 -3  1 -1  1  6 -2    0   0   0   0   0   0   0   0   0   0   0   0   0  12   0  28   0   0  59   0  0.53 0.03
   86 K   -1  2  2 -1 -3  1  1 -2 -1 -3 -3  5 -2 -3 -1  0 -1 -3 -2 -3    0   0  12   0   0   0   0   0   0   0   0  88   0   0   0   0   0   0   0   0  0.54 0.04
   87 E    1 -1  0  2 -3  1  4  1 -1 -3 -3  0 -2 -3 -1  0  1 -3 -2 -2   14   0   0  12   0   0  48  12   0   0   0   0   0   0   0   0  15   0   0   0  0.36 0.02
   88 Q   -1  0  0  0 -3  5  3 -2  0 -3 -2  1 -1 -2 -2  0 -1 -1  2 -2    0   0   0   0   0  60  28   0   0   0   0   0   0   0   0   0   0   0  12   0  0.55 0.03
   89 I   -1 -3 -3 -3 -1 -2 -3 -4 -3  3  2 -3  2  0 -3 -2 -1 -3 -1  3    0   0   0   0   0   0   0   0   0  35  12   0   6   0   0   0   0   0   0  48  0.35 0.02
   90 T    0 -2 -1 -2 -1 -1 -1 -2 -2  0 -1 -1  0 -2 -2  1  4 -3 -2  2    0   0   0   0   0   0   0   0   0   0   0   0   0   0   0   6  65   0   0  28  0.34 0.03
   91 T    0 -1  0  1 -1 -1 -1 -2 -2 -2 -2 -1 -1 -3  3  2  4 -3 -2 -1    0   0   0  12   0   0   0   0   0   0   0   0   0   0  14  15  60   0   0   0  0.42 0.03
   92 K   -1  1  2  2 -3  1  2 -2 -1 -3 -3  4 -2 -3 -1  0 -1 -3 -2 -3    0   0  12  15   0   0  14   0   0   0   0  59   0   0   0   0   0   0   0   0  0.44 0.02
   93 D   -2 -2  1  6 -4 -1  1 -2 -1 -4 -4 -1 -3 -4 -2  0 -1 -5 -3 -4    0   0   0 100   0   0   0   0   0   0   0   0   0   0   0   0   0   0   0   0  1.05 0.04
   94 E   -1  2  0  1 -4  2  5 -2  0 -3 -3  2 -2 -3 -1  0 -1 -3 -2 -3    0  15   0   0   0   0  72   0   0   0   0  14   0   0   0   0   0   0   0   0  0.61 0.03
   95 I   -1 -3 -3 -3 -1 -2 -3 -3 -3  3  2 -2  3  0 -3 -2  1 -2 -1  2    0   0   0   0   0   0   0   0   0  54  15   0  14   0   0   0  12   0   0   6  0.29 0.02
   96 E   -1 -1  0  4 -4  1  5 -2 -1 -4 -3  0 -3 -4 -1  0 -1 -4 -3 -3    0   0   0  28   0   0  72   0   0   0   0   0   0   0   0   0   0   0   0   0  0.73 0.03
   97 K    1  2 -1 -1 -2  3  0 -2 -1 -1 -2  3 -1 -3 -1  0 -1 -3 -2  0   15   5   0   0   0  20   0   0   0   0   0  46   0   0   0   0   0   0   0  14  0.27 0.02
   98 Q   -1  0 -1 -1 -3  5  1 -2  0 -1  1  1  2 -2 -2 -1 -1 -2 -2 -1    0   0   0   0   0  72   0   0   0   0  15   0  14   0   0   0   0   0   0   0  0.43 0.04
   99 M    2 -2 -2 -3 -1 -1 -2 -2 -2  1  1 -2  5 -1 -2 -1 -1 -2 -1  1   28   0   0   0   0   0   0   0   0  12   0   0  60   0   0   0   0   0   0   0  0.27 0.03
  100 D   -1 -1  2  5 -3  0  1 -1 -1 -3 -4 -1 -3 -3 -2  2  0 -4 -3 -3    0   0  12  60   0   0   0   0   0   0   0   0   0   0   0  28   0   0   0   0  0.61 0.03
  101 R   -1  5 -1 -2 -4  1  0 -2 -1 -3 -3  3 -2 -3 -2 -1 -1 -3 -2 -3    0  72   0   0   0   0   0   0   0   0   0  28   0   0   0   0   0   0   0   0  0.70 0.03
  102 V   -1 -3 -3 -3 -1 -3 -3 -4 -4  4  1 -3  1 -1 -3 -2 -1 -3 -1  3    0   0   0   0   0   0   0   0   0  62   0   0   0   0   0   0   0   0   0  38  0.41 0.03
  103 V   -1 -3 -3 -4 -1 -2 -3 -4 -3  3  2 -3  1 -1 -3 -2  0 -3 -1  4    0   0   0   0   0   0   0   0   0   6  14   0   0   0   0   0   0   0   0  80  0.38 0.03
  104 K    1  2 -1 -1 -3  1  0 -1 -1 -3 -3  5 -2 -3 -1  0 -1 -3 -2 -2   15   0   0   0   0   0   0   0   0   0   0  85   0   0   0   0   0   0   0   0  0.49 0.03
  105 E   -1  0  0  1 -4  4  5 -2  0 -3 -3  1 -2 -4 -1  0 -1 -3 -2 -3    0   0   0   0   0  30  70   0   0   0   0   0   0   0   0   0   0   0   0   0  0.70 0.03
  106 M   -1 -2 -3 -4 -2 -1 -3 -3 -2  3  2 -2  5  0 -3 -2 -1 -2 -1  1    0   0   0   0   0   0   0   0   0  30  11   0  59   0   0   0   0   0   0   0  0.39 0.03
  107 R    0  5  0  2 -3  1  0 -2 -1 -3 -2  1 -2 -3 -2  0 -1 -3 -2 -2   15  62   0  15   0   7   0   0   0   0   0   0   0   0   0   0   0   0   0   0  0.47 0.03
  108 R   -1  5 -1  0 -4  2  3 -2  0 -3 -3  2 -2 -3 -2 -1 -1 -3 -2 -3    0  59   0   0   0  11  30   0   0   0   0   0   0   0   0   0   0   0   0   0  0.60 0.03
  109 Q   -1  1  0 -1 -3  6  2 -2  0 -3 -3  1 -1 -4 -2  0 -1 -2 -2 -3    0   0   0   0   0 100   0   0   0   0   0   0   0   0   0   0   0   0   0   0  0.82 0.05
  110 L   -1 -3 -4 -4 -1 -2 -3 -4 -3  2  4 -3  2  0 -3 -2 -1 -2 -1  2    0   0   0   0   0   0   0   0   0   0  70   0   0   0   0   0   0   0   0  30  0.40 0.02
  111 E    0  1  0  1 -3  1  4 -2 -1 -3 -3  3 -2 -3 -1  0 -1 -3 -2 -2   11   0   0   6   0   0  53   0   0   0   0  30   0   0   0   0   0   0   0   0  0.47 0.02
  112 M   -1 -2 -3 -3 -2 -1 -2 -3 -2  2  2 -2  6  0 -3 -2 -1 -2 -1  2    0   0   0   0   0   0   0   0   0   0   0   0  70   0   0   0   0   0   0  30  0.40 0.04
  113 I   -2 -3 -4 -4 -2 -3 -4 -4 -4  5  1 -3  1  0 -3 -3 -1 -3 -2  3    0   0   0   0   0   0   0   0   0 100   0   0   0   0   0   0   0   0   0   0  0.51 0.04
  114 D   -2 -1  1  5 -4  1  4 -2 -1 -4 -4  0 -3 -4 -2  0 -1 -4 -3 -3    0   0   0  52   0   0  48   0   0   0   0   0   0   0   0   0   0   0   0   0  0.75 0.03
  115 K   -1  3  0 -1 -3  4  1 -2  0 -3 -3  4 -1 -3 -1  0 -1 -3 -2 -3    0  12   0   0   0  30   0   0   0   0   0  58   0   0   0   0   0   0   0   0  0.53 0.03
  116 L   -2 -2 -4 -4 -2 -2 -3 -4 -3  1  4 -3  2  0 -3 -3 -1 -2 -1  1    0   0   0   0   0   0   0   0   0   0 100   0   0   0   0   0   0   0   0   0  0.54 0.03
  117 T    0 -1  0 -1 -1 -1 -1 -2 -2 -1 -2 -1 -1 -2 -1  1  5 -3 -2  0    0   0   0   0   0   0   0   0   0   0   0   0   0   0   0   0 100   0   0   0  0.60 0.04
  118 T    0  0  0 -1 -2  0  0 -2 -2 -1 -2  2 -1 -3 -1  1  4 -3 -2 -1    0   0   0   0   0   0   0   0   0   0   0  30   0   0   0   0  70   0   0   0  0.40 0.03
  119 R   -2  6 -1 -2 -4  1  0 -3  0 -3 -3  2 -2 -3 -2 -1 -1 -3 -2 -3    0 100   0   0   0   0   0   0   0   0   0   0   0   0   0   0   0   0   0   0  0.89 0.04
  120 E   -1  0 -1  1 -4  2  6 -2  0 -4 -3  1 -2 -4 -1  0 -1 -3 -2 -3    0   0   0   0   0   0 100   0   0   0   0   0   0   0   0   0   0   0   0   0  0.85 0.04
  121 I   -1 -3 -4 -4 -1 -3 -3 -4 -3  4  3 -3  1  0 -3 -3 -1 -3 -1  2    0   0   0   0   0   0   0   0   0  63  30   0   0   0   0   0   0   0   0   7  0.40 0.02
  122 E   -1  0 -1  1 -4  2  6 -2  0 -4 -3  1 -2 -4 -1  0 -1 -3 -2 -3    0   0   0   0   0   0 100   0   0   0   0   0   0   0   0   0   0   0   0   0  0.85 0.04
  123 Q   -1  1  0 -1 -3  6  2 -2  0 -3 -3  1 -1 -4 -2  0 -1 -2 -2 -3    0   0   0   0   0 100   0   0   0   0   0   0   0   0   0   0   0   0   0   0  0.82 0.05
  124 V    0 -3 -3 -4 -1 -3 -3 -4 -4  3  1 -3  1 -1 -3 -2  0 -3 -1  5    0   0   0   0   0   0   0   0   0   0   0   0   0   0   0   0   0   0   0 100  0.45 0.04
  125 E   -1  1  0  1 -4  2  5 -2  0 -3 -3  3 -2 -4 -1  0 -1 -3 -2 -3    0   0   0   0   0   0  70   0   0   0   0  30   0   0   0   0   0   0   0   0  0.62 0.03
  126 L   -2 -2 -4 -4 -2 -2 -3 -4 -3  1  4 -3  2  0 -3 -3 -1 -2 -1  1    0   0   0   0   0   0   0   0   0   0 100   0   0   0   0   0   0   0   0   0  0.54 0.03
  127 L   -2 -2 -4 -4 -2 -2 -3 -4 -3  1  4 -3  2  0 -3 -3 -1 -2 -1  1    0   0   0   0   0   0   0   0   0   0 100   0   0   0   0   0   0   0   0   0  0.54 0.03
  128 K    2  1 -1 -1 -2  1  0 -1 -1 -2 -2  4 -1 -3 -1  0 -1 -3 -2 -2   30   0   0   0   0   0   0   0   0   0   0  70   0   0   0   0   0   0   0   0  0.39 0.03
  129 R   -2  5  0  3 -4  1  0 -2 -1 -3 -3  1 -2 -3 -2 -1 -1 -3 -2 -3    0  70   0  30   0   0   0   0   0   0   0   0   0   0   0   0   0   0   0   0  0.64 0.03
  130 I   -2 -3 -4 -4 -2 -3 -4 -4 -4  5  1 -3  1  0 -3 -3 -1 -3 -2  3    0   0   0   0   0   0   0   0   0 100   0   0   0   0   0   0   0   0   0   0  0.51 0.04
  131 Y   -2 -2 -1 -3 -3 -1 -2 -3  5 -2 -2 -2 -1  2 -3 -2 -2  1  7 -2    0   0   0   0   0   0   0   0  26   0   0   0   0   0   0   0   0   0  74   0  0.84 0.04
  132 D   -2 -1  1  6 -4  0  3 -2 -1 -4 -4  0 -3 -4 -2  0 -1 -4 -3 -3    0   0   0  70   0   0  30   0   0   0   0   0   0   0   0   0   0   0   0   0  0.82 0.03
  133 K   -1  0  2 -1 -2  0 -1 -2 -1  0  1  2  4 -1 -2 -1 -1 -2 -2 -1    0   0  20   0   0   0   0   0   0   0  15  26  39   0   0   0   0   0   0   0  0.18 0.02
  134 L   -2 -2 -4 -4 -2 -2 -3 -4 -3  1  4 -3  3  0 -3 -3 -1 -2 -1  1    0   0   0   0   0   0   0   0   0   0  89   0  11   0   0   0   0   0   0   0  0.49 0.03
  135 T   -1  0 -2 -2 -2 -1 -1 -3 -2  3  1  2  2 -1 -2 -1  0 -3 -2  2    0   0   0   0   0   0   0   0   0  40   0  30  13   0   0   0   6   0   0  11  0.15 0.02
  136 V    1 -2 -2 -3 -1 -2 -2 -2 -1  2  0 -2  2  0 -2 -1  1 -1  2  2   12   0   0   0   0   0   0   0   0  13   0   0  15   0   0   0  14   0  15  30  0.16 0.01
  137 Q   -1  4  0 -1 -3  2  1 -2 -1 -3 -2  4 -1 -3 -2  0  0 -3 -2 -2    0  31   0   0   0  13   0   0   0   0   0  50   0   0   0   0   7   0   0   0  0.49 0.02
  138 T    0  1  1 -1 -2  1  0 -1 -1 -2 -2  0 -1 -2  4  2  1 -2 -2 -2    1   8   8   1   0  12   1   1   0   1   1   1   0   1  27  29   7   0   0   1  0.42 0.01
  139 T    1  0  1 -1 -2  0  1 -2 -1  0 -1  1 -1 -2 -2  0  2 -3 -2  1   14   0  11   0   0   0  15   0   0   6   0  15   0   0   0   0  19   0   0  20  0.11 0.01
  140 G   -1  1  1  5 -4  0  1  2 -1 -4 -4  0 -3 -4 -2  0 -1 -4 -3 -3    0  11   0  61   0   0   6  21   0   0   0   0   0   0   0   0   0   0   0   0  0.60 0.02
  141 E    0  0  2  2 -3  1  3 -2 -1 -2 -2  1 -2 -3 -1  0  1 -3 -2 -1    7   0  15   7   0   0  38   0   0   0   0  13   0   0   0   0  14   0   0   6  0.29 0.01
  142 I   -1 -3 -4 -4 -1 -3 -3 -4 -3  4  2 -3  1  0 -3 -3 -1 -3 -1  3    0   0   0   0   0   0   0   0   0  71  14   0   0   0   0   0   0   0   0  15  0.41 0.03
  143 D   -1 -2  1  5 -3 -1  1 -2 -1 -3 -3 -1 -3 -1 -2  1 -1 -2  2 -3    0   0   0  71   0   0   0   0   0   0   0   0   0   0   0  15   0   0  14   0  0.62 0.03
  144 M   -1 -1 -2 -3 -1 -1 -2 -2 -2  1  2 -1  6  0 -2 -1 -1 -1 -1  0    1   1   1   1   0   1   1   1   0   1   1   1  85   1   1   1   1   0   0   1  0.40 0.04
  145 T    1 -1  0 -1 -1  0  0 -1 -1 -2 -2  0 -1 -2 -1  3  3 -2 -2 -1    1   1   1   1   0   1   1   1   0   1   1   1   0   1   1  53  33   0   0   1  0.33 0.02
  146 K   -1  1 -1 -1 -3  1  0 -2 -1 -2 -2  4 -1  2 -1  0 -1 -2  0 -2    1   1   1   1   0   7   1   1   0   1   1  64   0  16   1   1   1   0   0   1  0.28 0.02
  147 E   -1  0  0  1 -3  2  5 -2  0 -3 -3  1 -2 -3 -1  0 -1 -2 -2 -2    1   1   1   1   0   1  86   1   0   1   1   1   0   1   1   1   1   0   0   1  0.63 0.03
  148 I   -1 -2 -1 -2 -1 -1 -1 -2 -1  1  0 -1  0  4 -2  1  2 -1  1  0    1   1   1   1   0   1   1   1   0  12   1   1   0  33   1  15  27   0   0   1  0.16 0.01
  149 N   -1 -1  6  2 -3  0  0 -1  0 -3 -4  0 -2 -3 -2  2  0 -4 -2 -3    0   0  78   6   0   0   0   0   0   0   0   0   0   0   0  15   0   0   0   0  0.67 0.04
  150 Q   -1  2  0  0 -3  5  2 -2  0 -3 -3  2 -1 -3 -2  0 -1 -3 -2 -3    0  14   0   0   0  56  15   0   0   0   0  15   0   0   0   0   0   0   0   0  0.56 0.03
  151 K   -1  2  0 -1 -3  1  0 -2 -1 -3 -3  5 -1 -3 -1  0  1 -3 -2 -2    0   0   0   0   0   0   0   0   0   0   0  85   0   0   0   0  15   0   0   0  0.50 0.04
  152 N    0 -1  5  1 -3  1  2 -1  2 -3 -3  0 -2 -3 -2  0  0 -4 -2 -3   11   0  61   0   0   6  15   0   7   0   0   0   0   0   0   0   0   0   0   0  0.48 0.03
  153 V   -1 -1 -2 -2 -2 -1 -2 -2 -2  2  1  1  0  3 -2 -1 -1 -1  0  2    1   1   1   1   0   1   1   1   0  35   1  16   0  24   1   1   1   0   0  13  0.12 0.01
  154 R   -1  3  1 -1 -3  1  0 -1 -1 -2 -2  4 -1 -3 -1  0 -1 -2 -2 -2    1  17   9   1   0   1   1   1   0   1   1  60   0   1   1   1   1   0   1   1  0.36 0.01
  155 T    1 -1  0 -1 -1 -1 -1 -1 -1 -1 -1 -1 -1 -2 -1  2  4 -2 -1  0   18   1   1   1   0   1   1   1   0   1   1   1   0   1   1   9  60   0   1   1  0.29 0.01
  156 L    0 -2 -3 -3 -2 -2 -3 -3  0  1  2 -2  2  1 -3 -2 -1  0  4  0    8   0   0   0   0   0   0   0   0   8  42   0   9   0   0   0   0   0  33   0  0.29 0.01
  157 E   -1  1  1  3 -4  1  4 -2  3 -3 -3  0 -2 -3 -2  0 -1 -3 -1 -3    0   8   8  16   0   0  55   0  13   0   0   0   0   0   0   0   0   0   0   0  0.51 0.02
  158 E   -1  0  0  2 -3  1  4 -2  2 -3 -3  2 -2 -3 -1  0  1 -3 -2 -2    0   0   0  13   0   0  46   0   8   0   0  17   0   0   0   0  16   0   0   0  0.40 0.01
  159 W   -3 -3 -4 -4 -3 -2 -3  0 -3 -3 -2 -3 -2  1 -4 -3 -3 11  2 -3    0   0   0   0   0   0   0   8   0   0   0   0   0   0   0   0   0  92   0   0  2.26 0.05
  160 E    0  0  0  0 -2  2  3  1  0 -2 -2  0 -1 -2 -1  0 -1 -2 -1 -1   10   2   1   2   1  10  40  16   1   2   3   2   1   1   2   2   2   0   1   2  0.23 0.01
  161 S    0  0  3  1 -1  1  2 -1  0 -2 -2  1 -1 -2 -1  2  0 -2 -1 -1    3   2  21   2   1   1  18   2   1   2   3  10   1   1   2  25   2   0   1   2  0.19 0.00
  162 G    0 -2 -1  1 -2 -1 -1  5 -2 -1 -1 -2  2 -2 -2 -1 -1 -3 -3 -1    0   0   0  13   0   0   0  62   0   0   0   0  17   0   0   0   0   0   0   8  0.48 0.02
  163 K   -1  4 -1 -1 -3  1  1 -2 -1 -1 -2  4 -1 -3 -2 -1 -1 -3 -2 -2    0  37   0   0   0   0   8   0   0   8   0  47   0   0   0   0   0   0   0   0  0.43 0.02
  164 N   -2 -1  5  4 -3  0  0 -1  0 -4 -4 -1 -3 -3 -2  0 -1 -4 -3 -3    0   0  67  33   0   0   0   0   0   0   0   0   0   0   0   0   0   0   0   0  0.71 0.03
  165 P   -1 -2 -2 -2 -3 -2 -1 -3 -2 -3 -3 -1 -3 -2  7 -1 -1 -2  2 -2    0   0   0   0   0   0   0   0   0   0   0   0   0   0  87   0   0   0  13   0  1.73 0.03
  166 Y   -2 -2 -2  1 -3 -2 -1 -3  1 -2 -2 -2 -1  3 -3 -2 -2  2  7 -2    0   0   0  13   0   0   0   0   0   0   0   0   0   0   0   0   0   0  87   0  0.80 0.04
  167 E   -1  0  0  3 -4  4  4 -2  0 -3 -3  1 -2 -4 -1  0 -1 -3 -2 -3    0   0   0  21   0  33  38   0   0   0   0   8   0   0   0   0   0   0   0   0  0.55 0.02
  168 P   -1 -2  1 -1 -3 -1 -1 -2 -2 -3 -3 -1 -3 -4  7 -1 -1 -4 -3 -3    0   0  14   0   0   0   0   0   0   0   0   0   0   0  86   0   0   0   0   0  1.71 0.03
  169 R    0  2  0 -1 -2  0  0 -1 -1 -2 -2  2 -1 -3 -1  3  2 -3 -2 -2    0  12   0   0   0   0   0   0   0   0   0  25   0   0   0  41  21   0   0   0  0.30 0.00
  170 E   -1  0  0  3 -4  1  4 -2  0 -3 -3  2 -2 -3 -1  0 -1 -3 -2 -3    0   0   0  21   0   0  64   0   0   0   0  14   0   0   0   0   0   0   0   0  0.59 0.01
  171 V    0 -3 -3 -3 -1 -2 -3 -3 -3  3  1 -2  1 -1 -3 -2  0 -3 -1  4    0   0   0   0   0   0   0   0   0   0   0   0   0   0   0   0   0   0   0 100  0.37 0.01
  172 T    1 -2 -1 -2 -1 -1 -1 -2 -2  1  0 -1  0 -2 -1  1  4 -3 -2  1   14   0   0   0   0   0   0   0   0  21   0   0   0   0   0   0  64   0   0   0  0.27 0.01
  173 A    4 -2 -2 -2  0 -1 -1  0 -2 -1 -2 -1 -1 -2 -1  1  0 -3 -2  0  100   0   0   0   0   0   0   0   0   0   0   0   0   0   0   0   0   0   0   0  0.43 0.01
  174 A    2 -1  0 -1 -1 -1 -1 -1 -1 -2 -2 -1 -2 -3  4  3  1 -3 -2 -1   24   0   0   0   0   0   0   0   0   0   0   0   0   0  21  55   0   0   0   0  0.47 0.01
  175 M   -1 -2 -3 -3 -2 -1 -2 -3 -2  1  3 -2  5  0 -3 -2 -1 -2 -1  1    0   0   0   0   0   0   0   0   0   0  35   0  65   0   0   0   0   0   0   0  0.37 0.01

                      K         Lambda
Standard Ungapped    0.1315     0.3172
Standard Gapped      0.0410     0.2670
PSI Ungapped         0.1318     0.3182
PSI Gapped           0.0404     0.2670
